function y = dfej3_1(x)
y = 4.0*x^3 - 19.2*x^2 + 12.9*x + 20.538;