>> L

    1.2000         0         0         0
   -0.3000    3.2000         0         0
    4.6000   -2.0000    1.8000         0
         0         0    5.0000    6.0000

>> Check

    1.4400   -0.3600    5.5200         0
   -0.3600   10.3300   -7.7800         0
    5.5200   -7.7800   28.4000    9.0000
         0         0    9.0000   61.0000