x =

   1.0e+04 *

   0.041666666667010
  -0.312500000002465
   0.925000000006972
  -1.350000000009722
   0.970933333340017
  -0.275100000001813
  
det =
    -1.132462079991823e-06